function [r] = myFun(x)
r=6.197*sin(0.0005029*x+0.3339)...
+ 2.315*sin(0.004696*x+-4.023) ...
+ 0.7565*sin(0.01091*x+-3.618)...
+ 0.9874*sin(0.00939*x+-0.2423)...
+ 1.588*sin(0.002316*x+-3.926)...
+ 0.546*sin(0.01687*x+3.036)...
+ 2.206*sin(0.004952*x+4.741)...
+ 0.5091*sin(0.007409*x+-0.1301);
end

